"ScatID","sample","scat.number","CollectionType","scatseason","CollectionDate","Easting","Northing","e","e.m","YEAR","YrsSinceDi","TREATMENT_","class","hja","logged","Amphibia","Aves","Mammalia","Reptilia","Gastropoda","Arachnida","myriapoda","Insecta","Streptophyta"
"F15-133","F15",133,"F","wet",2018-11-03 12:08:00,566280,4904029,2938.693013,895.9429917,NA,200,NA,3,0,0,1,0,1,0,0,0,0,0,0
"F15-134","F15",134,"F","wet",2018-11-03 12:17:00,566280,4904029,2938.693013,895.9429917,NA,200,NA,3,0,0,0,1,1,0,0,0,1,0,0
"F15-136","F15",136,"F","wet",2018-11-03 12:27:00,566280,4904029,2938.693013,895.9429917,NA,200,NA,3,0,0,0,0,1,0,0,0,0,0,4
"F15-137","F15",137,"F","wet",2018-11-03 12:40:00,566280,4904029,2938.693013,895.9429917,NA,200,NA,3,0,0,0,1,1,0,0,0,1,0,0
"F15-50","F15",50,"F","wet",2018-11-03 13:18:00,566270,4904080,2854.57209,870.296369,NA,200,NA,3,0,0,0,0,1,0,0,0,1,0,0
"F22-101","F22",101,"F","wet",2018-10-26 12:04:00,564633,4902082,2569.092594,783.2599373,NA,200,NA,3,0,0,1,0,1,0,0,0,0,1,0
"F22-143","F22",143,"F","wet",2018-11-06 14:42:00,564726,4901688,2720.749053,829.4966624,1980,38,"Commercial Thinning",1,0,1,0,0,0,0,0,0,1,0,0
"F22-18","F22",18,"F","wet",2018-10-28 13:36:00,564288,4901536,2851.512152,869.3634609,1980,38,"Commercial Thinning",1,0,1,2,0,1,0,0,0,1,0,0
"F22-196","F22",196,"F","wet",2018-11-14 11:44:00,565243,4900967,2778.477021,847.0966529,NA,200,NA,3,1,0,1,0,1,0,0,0,1,0,0
"F22-197","F22",197,"F","wet",2018-11-14 11:55:00,565243,4900967,2778.477021,847.0966529,NA,200,NA,3,1,0,1,0,0,0,0,0,0,0,4
"F22-198","F22",198,"F","wet",2018-11-14 11:57:00,565243,4900967,2778.477021,847.0966529,NA,200,NA,3,1,0,1,0,0,0,0,0,1,0,0
"F22-199","F22",199,"F","wet",2018-11-14 12:02:00,565243,4900967,2778.477021,847.0966529,NA,200,NA,3,1,0,0,0,0,0,0,0,0,1,0
"F22-22","F22",22,"F","wet",2018-10-28 15:24:00,564235,4901608,2785.02242,849.0922013,1980,38,"Commercial Thinning",1,0,1,0,0,0,0,1,0,0,1,0
"F22-224","F22",224,"F","wet",2018-11-13 09:27:00,565244,4902385,2572.284507,784.2330815,1979,39,"Clearcut",1,0,1,0,0,1,0,0,0,0,0,0
"F22-226","F22",226,"F","wet",2018-11-13 09:51:00,565203,4902287,2680.08039,817.0976799,1979,39,"Clearcut",1,0,1,0,0,1,0,0,0,0,0,0
"F22-300","F22",300,"F","wet",2018-11-14 12:08:00,565243,4900967,2778.477021,847.0966529,NA,200,NA,3,1,0,1,0,1,0,0,0,0,0,0
"F22-301","F22",301,"F","wet",2018-11-14 12:11:00,565243,4900967,2778.477021,847.0966529,NA,200,NA,3,1,0,1,0,1,0,0,0,1,0,0
"F22-302","F22",302,"F","wet",2018-11-14 12:20:00,565243,4900967,2778.477021,847.0966529,NA,200,NA,3,1,0,0,0,1,0,0,0,0,1,0
"F22-303","F22",303,"F","wet",2018-11-14 12:26:00,565243,4900967,2778.477021,847.0966529,NA,200,NA,3,1,0,0,0,1,0,0,0,1,1,0
"F22-307","F22",307,"F","wet",2018-11-14 13:50:00,565500,4901133,2788.11066,850.0337377,NA,200,NA,3,1,0,0,0,0,0,0,1,0,3,1
"F22-70","F22",70,"F","wet",2018-11-06 14:42:00,564635,4902034,2584.349954,787.9115714,NA,200,NA,3,0,0,0,0,1,0,0,0,0,0,0
"F29-71","F29",71,"F","wet",2018-11-08 09:22:00,561465,4897273,1862.80944,567.9297073,NA,200,NA,3,1,0,0,0,0,0,0,0,1,1,0
"F29-73","F29",73,"F","wet",2018-11-08 09:29:00,561465,4897273,1862.80944,567.9297073,NA,200,NA,3,1,0,0,0,0,0,0,0,1,1,1
"F29-74","F29",74,"F","wet",2018-11-08 09:33:00,561465,4897273,1862.80944,567.9297073,NA,200,NA,3,1,0,0,0,0,0,0,0,1,1,1
"F29-75","F29",75,"F","wet",2018-11-08 09:40:00,561465,4897273,1862.80944,567.9297073,NA,200,NA,3,1,0,0,0,0,0,1,0,0,1,0
"F29-76","F29",76,"F","wet",2018-11-08 09:40:00,561465,4897273,1862.80944,567.9297073,NA,200,NA,3,1,0,0,0,0,0,1,0,0,0,6
"F30-112","F30",112,"F","wet",2018-10-31 10:32:00,563278,4897561,2114.252544,644.5891902,1986,32,"Clearcut",1,1,1,0,0,0,0,0,0,1,4,8
"F30-113","F30",113,"F","wet",2018-10-31 10:41:00,563278,4897561,2114.252544,644.5891902,1986,32,"Clearcut",1,1,1,0,0,0,0,0,0,1,0,4
"F30-114","F30",114,"F","wet",2018-10-31 10:48:00,563278,4897561,2114.252544,644.5891902,1986,32,"Clearcut",1,1,1,0,0,1,1,0,0,0,0,0
"F30-115","F30",115,"F","wet",2018-10-31 10:57:00,563278,4897603,2063.702573,629.1776138,1986,32,"Clearcut",1,1,1,0,0,1,1,0,0,1,0,0
"F30-116","F30",116,"F","wet",2018-10-31 11:01:00,563278,4897603,2063.702573,629.1776138,1986,32,"Clearcut",1,1,1,0,0,1,0,0,0,0,1,0
"F30-117","F30",117,"F","wet",2018-10-31 11:08:00,563278,4897603,2063.702573,629.1776138,1986,32,"Clearcut",1,1,1,0,0,1,0,0,0,0,0,0
"F30-118","F30",118,"F","wet",2018-10-31 11:19:00,563272,4897610,2059.418863,627.8716046,1986,32,"Clearcut",1,1,1,0,0,0,0,0,0,1,2,0
"F30-119","F30",119,"F","wet",2018-10-31 11:21:00,563272,4897610,2059.418863,627.8716046,1986,32,"Clearcut",1,1,1,0,0,1,0,0,0,0,2,0
"F30-120","F30",120,"F","wet",2018-10-31 11:26:00,563272,4897610,2059.418863,627.8716046,1986,32,"Clearcut",1,1,1,0,0,1,0,0,0,0,0,0
"F30-121","F30",121,"F","wet",2018-10-31 11:35:00,563279,4897602,2065.104176,629.6049316,1986,32,"Clearcut",1,1,1,0,0,0,0,0,0,0,1,0
"F30-123","F30",123,"F","wet",2018-10-31 12:08:00,563288,4897573,2094.154296,638.4616755,1986,32,"Clearcut",1,1,1,0,0,1,0,0,0,0,0,0
"F30-138","F30",138,"F","wet",2018-11-04 09:20:00,563277,4897568,2102.004392,640.8549975,1986,32,"Clearcut",1,1,1,0,0,0,0,0,0,0,1,0
"F30-140","F30",140,"F","wet",2018-11-04 10:16:00,563315,4897490,2270.840576,692.3294438,1986,32,"Clearcut",1,1,1,0,0,0,0,0,0,1,0,0
"F30-142","F30",142,"F","wet",2018-11-04 11:21:00,563125,4897693,2031.250497,619.283688,NA,200,NA,3,1,0,0,0,1,0,0,0,0,1,0
"F30-39","F30",39,"F","wet",2018-10-31 11:08:00,563026,4898018,1795.014203,547.2604277,1951,67,"Clearcut",2,1,1,0,1,0,0,0,0,0,1,0
"F36-173","F36",173,"F","wet",2018-11-10 13:43:00,559441,4895430,1438.194898,438.4740544,NA,200,NA,3,1,0,0,0,1,0,0,0,1,0,0
"F37-150","F37",150,"F","wet",2018-11-08 10:12:00,560679,4896500,1796.887174,547.8314554,NA,200,NA,3,1,0,0,0,0,0,0,0,0,1,0
"F37-151","F37",151,"F","wet",2018-11-08 10:16:00,560679,4896500,1796.887174,547.8314554,NA,200,NA,3,1,0,0,0,0,0,0,0,0,1,1
"F37-152","F37",152,"F","wet",2018-11-08 10:18:00,560679,4896500,1796.887174,547.8314554,NA,200,NA,3,1,0,0,0,0,0,0,0,0,1,0
"F37-153","F37",153,"F","wet",2018-11-08 10:41:00,560679,4896500,1796.887174,547.8314554,NA,200,NA,3,1,0,0,1,0,0,0,0,0,0,0
"F37-154","F37",154,"F","wet",2018-11-08 10:43:00,560679,4896500,1796.887174,547.8314554,NA,200,NA,3,1,0,0,0,0,0,0,0,0,1,0
"F37-155","F37",155,"F","wet",2018-11-08 10:47:00,560679,4896500,1796.887174,547.8314554,NA,200,NA,3,1,0,0,1,1,0,0,0,0,1,0
"F37-156","F37",156,"F","wet",2018-11-08 10:48:00,560679,4896500,1796.887174,547.8314554,NA,200,NA,3,1,0,0,1,1,0,0,0,0,1,0
"F37-158","F37",158,"F","wet",2018-11-08 10:50:00,560679,4896500,1796.887174,547.8314554,NA,200,NA,3,1,0,0,0,0,0,0,0,0,1,0
"F37-159","F37",159,"F","wet",2018-11-08 10:52:00,560679,4896500,1796.887174,547.8314554,NA,200,NA,3,1,0,0,1,1,0,0,0,0,1,0
"F37-162","F37",162,"F","wet",2018-11-08 10:57:00,560679,4896500,1796.887174,547.8314554,NA,200,NA,3,1,0,0,0,0,0,0,0,0,1,0
"F37-192","F37",192,"F","wet",2018-11-14 08:57:00,564316,4895640,4441.083485,1353.988868,1969,49,"Clearcut",2,1,1,0,0,1,0,0,0,0,0,0
"F37-193","F37",193,"F","wet",2018-11-14 09:15:00,560274,4896170,1530.321559,466.5614509,NA,200,NA,3,1,0,NA,NA,NA,NA,NA,NA,NA,NA,NA
"F37-194","F37",194,"F","wet",2018-11-14 09:40:00,560246,4896097,1555.901906,474.3603371,NA,200,NA,3,1,0,0,0,1,0,0,1,0,0,7
"F37-241","F37",241,"F","wet",2018-11-14 09:53:00,560680,4896196,1979.761278,603.5857556,NA,200,NA,3,1,0,0,1,1,0,0,0,0,1,0
"F37-242","F37",242,"F","wet",2018-11-14 09:56:00,560680,4896196,1979.761278,603.5857556,NA,200,NA,3,1,0,0,0,0,0,0,0,0,1,0
"F37-243","F37",243,"F","wet",2018-11-14 09:58:00,560680,4896196,1979.761278,603.5857556,NA,200,NA,3,1,0,0,0,0,0,0,0,0,1,0
"F37-51","F37",51,"F","wet",2018-11-03 15:56:00,562606,4894916,2933.352079,894.3146584,1973,45,"Clearcut",2,0,1,0,0,0,0,0,0,0,1,0
"F37-6","F37",6,"F","wet",2018-10-27 15:00:00,562359,4895135,2833.538883,863.8838056,1973,45,"Clearcut",2,0,1,0,1,0,0,1,0,0,1,1
"F38-46","F38",46,"F","wet",2018-11-01 14:30:00,563305,4896533,2980.408228,908.6610452,NA,200,NA,3,1,0,0,0,1,0,0,0,0,1,0
"F38-47","F38",47,"F","wet",2018-11-01 14:32:00,563305,4896533,2980.408228,908.6610452,NA,200,NA,3,1,0,0,0,1,0,0,0,0,1,0
"MT284","MT",284,"MT","wet",2018-05-18 00:00:00,560549,4896900,1558.54883,475.1673261,NA,200,NA,3,1,0,0,0,1,0,0,0,1,1,7
"MT285","MT",285,"MT","dry",2018-06-11 00:00:00,562849,4897338,2122.420962,647.0795615,NA,200,NA,3,1,0,0,1,0,0,0,0,1,2,0
"MT287","MT",287,"MT","wet",2018-04-20 00:00:00,562076,4895867,2928.812399,892.9306095,NA,200,NA,3,1,0,0,1,1,0,0,0,0,0,5
"MT288","MT",288,"MT","wet",2018-04-21 00:00:00,561668,4895921,2776.898236,846.615316,1963,55,"Clearcut",2,1,1,0,0,1,0,0,0,1,0,4
"MT289","MT",289,"MT","wet",2018-04-20 00:00:00,562076,4895867,2928.812399,892.9306095,NA,200,NA,3,1,0,0,0,1,0,0,0,1,0,7
"MT296","MT",296,"MT","dry",2018-06-02 00:00:00,564333,4902442,2022.749595,616.6919496,NA,200,NA,3,0,0,1,0,1,0,0,0,0,0,0
"MT315","MT",315,"MT","wet",2018-04-18 00:00:00,559525,4895747,1438.035245,438.4253797,NA,200,NA,3,1,0,0,0,1,0,0,0,0,1,0
"MT37","MT",37,"MT","dry",2017-08-03 00:00:00,560520,4896951,1582.505363,482.4711473,1952,66,"Clearcut",2,1,1,0,0,0,0,0,0,0,1,0
"MT383","MT",383,"MT","dry",2018-08-19 00:00:00,559485,4895412,1495.638629,455.9873868,NA,200,NA,3,1,0,0,0,0,0,0,0,1,1,0
"MT408","MT",408,"MT","dry",2018-07-20 00:00:00,560429,4896823,1544.853934,470.992053,NA,200,NA,3,1,0,0,0,2,0,0,0,1,1,4
"MT431","MT",431,"MT","dry",2018-07-31 00:00:00,564140,4901846,2419.885201,737.7698783,1980,38,"Commercial Thinning",1,0,1,0,0,4,0,0,0,1,1,0
"MT432","MT",432,"MT","dry",2018-07-31 00:00:00,564140,4901846,2419.885201,737.7698783,1980,38,"Commercial Thinning",1,0,1,1,0,0,0,0,0,1,1,0
"MT433","MT",433,"MT","dry",2018-07-31 00:00:00,564140,4901846,2419.885201,737.7698783,1980,38,"Commercial Thinning",1,0,1,1,0,0,0,0,0,1,1,0
"MT904","MT",904,"MT","wet",2018-10-20 00:00:00,564420,4901755,2656.722961,809.9765126,1980,38,"Commercial Thinning",1,0,1,NA,NA,NA,NA,NA,NA,NA,NA,NA
"MT906","MT",906,"MT","wet",2018-10-31 00:00:00,564329,4903177,2326.686736,709.3557121,1982,36,"Clearcut",1,0,1,0,0,0,0,0,0,0,0,1
"MT907","MT",907,"MT","wet",2018-11-13 00:00:00,560258,4896140,1532.356183,467.1817632,NA,200,NA,3,1,0,0,0,0,0,0,0,0,0,3
"MT908","MT",908,"MT","wet",2018-10-27 00:00:00,564965,4900087,2451.35386,747.3639816,NA,200,NA,3,1,0,0,0,1,0,0,0,1,1,5
"MT909","MT",909,"MT","wet",2018-11-13 00:00:00,560258,4896140,1532.356183,467.1817632,NA,200,NA,3,1,0,0,0,1,0,3,0,1,1,1
"MT916","MT",916,"MT","wet",2019-01-25 00:00:00,561108,4894725,2729.962105,832.3055197,1946,72,"Clearcut",2,0,1,1,0,1,0,0,0,1,1,0
"MT918","MT",918,"MT","dry",2018-09-12 00:00:00,569599,4895348,4919.560164,1499.865904,NA,200,NA,3,1,0,0,0,1,0,1,0,0,1,0
"MT927","MT",927,"MT","dry",2018-09-19 00:00:00,562316,4896243,2615.465712,797.398083,1951,67,"Clearcut",2,1,1,1,0,1,0,0,0,1,1,7
"S22-117","22",117,"S","dry",2018-08-03 07:27:00,564137,4901869,2373.237654,723.5480652,1980,38,"Commercial Thinning",1,0,1,0,0,0,0,0,1,0,1,0
"S22-118","22",118,"S","dry",2018-08-03 07:34:00,564140,4901846,2419.885201,737.7698783,1980,38,"Commercial Thinning",1,0,1,1,0,0,0,0,0,1,2,0
"S22-119","22",119,"S","dry",2018-08-03 07:41:00,564140,4901846,2419.885201,737.7698783,1980,38,"Commercial Thinning",1,0,1,1,0,1,0,0,0,0,1,0
"S22-154","22",154,"S","dry",2018-08-06 12:24:00,564696,4902194,2427.124372,739.9769426,NA,200,NA,3,0,0,0,0,0,0,0,0,1,1,0
"S22-155","22",155,"S","dry",2018-08-06 12:29:00,564696,4902194,2427.124372,739.9769426,NA,200,NA,3,0,0,0,0,0,0,0,0,1,1,0
"S22-156","22",156,"S","dry",2018-08-06 13:05:00,564696,4902194,2427.124372,739.9769426,NA,200,NA,3,0,0,0,0,0,0,0,0,1,1,0
"S22-157","22",157,"S","dry",2018-08-06 13:05:00,564696,4902194,2427.124372,739.9769426,NA,200,NA,3,0,0,0,0,0,0,0,0,0,1,1
"S22-158","22",158,"S","dry",2018-08-06 13:05:00,564696,4902194,2427.124372,739.9769426,NA,200,NA,3,0,0,0,0,0,0,0,0,0,1,0
"S22-159","22",159,"S","dry",2018-08-06 13:05:00,564696,4902194,2427.124372,739.9769426,NA,200,NA,3,0,0,0,0,1,0,0,0,0,2,6
"S22-160","22",160,"S","dry",2018-08-06 13:07:00,564696,4902194,2427.124372,739.9769426,NA,200,NA,3,0,0,0,0,0,0,0,0,0,1,6
"S22-161","22",161,"S","dry",2018-08-06 12:42:00,564733,4902162,2461.717523,750.523635,NA,200,NA,3,0,0,0,1,0,0,0,0,0,1,0
"S22-4","22",4,"S","dry",2018-07-03 09:40:00,564331,4902442,2022.055174,616.4802359,NA,200,NA,3,0,0,0,0,1,0,0,0,1,2,0
"S22-5","22",5,"S","dry",2018-07-03 10:47:00,564526,4902142,2384.147913,726.8743637,NA,200,NA,3,0,0,0,0,0,0,0,0,1,0,5
"S22-6","22",6,"S","dry",2018-07-03 11:30:00,564631,4902115,2549.445148,777.2698622,NA,200,NA,3,0,0,0,0,0,0,0,0,1,1,6
"S22-74","22",74,"S","dry",2018-07-30 08:57:00,565270,4900756,2690.215166,820.1875506,1953,65,"Clearcut",2,1,1,0,0,0,0,1,0,0,1,2
"S30-106","30",106,"S","dry",2018-08-01 08:53:00,563145,4897518,2092.377865,637.9200807,1986,32,"Clearcut",1,1,1,0,0,0,0,0,0,0,1,0
"S30-107","30",107,"S","dry",2018-08-01 08:55:00,563145,4897518,2092.377865,637.9200807,1986,32,"Clearcut",1,1,1,0,0,1,0,0,0,0,1,0
"S30-108","30",108,"S","dry",2018-08-01 09:00:00,563154,4897537,2086.981627,636.2748861,1986,32,"Clearcut",1,1,1,0,0,1,0,0,0,0,1,0
"S30-109","30",109,"S","dry",2018-08-01 09:02:00,563154,4897537,2086.981627,636.2748861,1986,32,"Clearcut",1,1,1,0,0,0,0,0,0,0,1,1
"S30-54","30",54,"S","dry",2018-07-27 10:36:00,560259,4896391,1504.766211,458.7701864,1964,54,"Clearcut",2,1,1,0,0,0,0,0,0,1,1,9
"S30-69","30",69,"S","dry",2018-07-30 06:38:00,563146,4897528,2087.196303,636.3403363,1986,32,"Clearcut",1,1,1,0,0,0,0,0,0,0,1,0
"S30-71","30",71,"S","dry",2018-07-30 06:51:00,563146,4897528,2087.196303,636.3403363,1986,32,"Clearcut",1,1,1,0,0,1,0,0,0,0,1,0
"S30-72","30",72,"S","dry",2018-07-30 07:00:00,563128,4897562,2058.556201,627.6085979,1986,32,"Clearcut",1,1,1,0,0,0,0,0,0,0,1,6
"S36-55","36",55,"S","dry",2018-07-27 10:59:00,560243,4896408,1538.94974,469.1919939,1964,54,"Clearcut",2,1,1,0,0,0,0,0,0,1,1,0
"S36-56","36",56,"S","dry",2018-07-27 11:10:00,560247,4896399,1518.622092,462.9945402,1964,54,"Clearcut",2,1,1,0,0,0,0,0,0,0,1,10
"S36-57","36",57,"S","dry",2018-07-27 11:26:00,560259,4896391,1504.766211,458.7701864,1964,54,"Clearcut",2,1,1,0,1,0,0,0,0,0,1,0
"S37-1","37",1,"S","dry",2018-06-30 11:44:00,560387,4896548,1565.848785,477.3929223,NA,200,NA,3,1,0,0,0,0,0,1,0,0,1,0
"S37-75","37",75,"S","dry",2018-07-30 09:49:00,561779,4897005,1994.019642,607.9328176,1956,62,"Clearcut",2,1,1,1,0,0,0,0,0,0,1,12
"S37-76","37",76,"S","dry",2018-07-30 09:58:00,561738,4896986,1971.378342,601.0299823,1956,62,"Clearcut",2,1,1,0,0,0,0,0,0,0,1,12
"S37-77","37",77,"S","dry",2018-07-30 10:02:00,561738,4896986,1971.378342,601.0299823,1956,62,"Clearcut",2,1,1,0,0,1,0,0,0,0,1,12
"S37-78","37",78,"S","dry",2018-07-30 10:07:00,561738,4896986,1971.378342,601.0299823,1956,62,"Clearcut",2,1,1,0,0,0,0,0,0,0,1,0
"S44-100","44",100,"S","dry",2018-08-01 07:16:00,559736,4892472,2018.960477,615.5367309,1975,43,"Clearcut",2,0,1,0,0,0,0,0,0,0,1,0
"S44-101","44",101,"S","dry",2018-08-01 07:18:00,559736,4892472,2018.960477,615.5367309,1975,43,"Clearcut",2,0,1,0,0,1,0,0,0,0,1,0
"S44-16","44",16,"S","dry",2018-07-13 08:55:00,559467,4892446,2280.08283,695.1472042,1975,43,"Clearcut",2,0,1,0,0,0,1,0,0,0,2,6
"S44-17","44",17,"S","dry",2018-07-13 09:02:00,559467,4892446,2280.08283,695.1472042,1975,43,"Clearcut",2,0,1,0,1,0,0,0,0,1,2,9
"S44-18","44",18,"S","dry",2018-07-13 09:04:00,559467,4892446,2280.08283,695.1472042,1975,43,"Clearcut",2,0,1,0,1,1,0,0,0,1,2,0
"S44-97","44",97,"S","dry",2018-08-01 07:07:00,559736,4892472,2018.960477,615.5367309,1975,43,"Clearcut",2,0,1,0,0,0,0,0,0,0,1,0
"S44-98","44",98,"S","dry",2018-08-01 07:14:00,559736,4892472,2018.960477,615.5367309,1975,43,"Clearcut",2,0,1,0,0,0,0,0,0,0,1,1
"S45-126","45",126,"S","dry",2018-08-04 07:47:00,561326,4893548,2059.61092,627.9301585,NA,200,NA,3,0,0,0,1,1,0,0,0,0,2,0
"S45-127","45",127,"S","dry",2018-08-04 07:48:00,561326,4893548,2059.61092,627.9301585,NA,200,NA,3,0,0,0,4,1,0,0,0,0,2,0
"S45-128","45",128,"S","dry",2018-08-04 07:50:00,561326,4893548,2059.61092,627.9301585,NA,200,NA,3,0,0,0,0,0,0,1,0,1,2,0
"S45-129","45",129,"S","dry",2018-08-04 07:50:00,561326,4893548,2059.61092,627.9301585,NA,200,NA,3,0,0,0,0,0,0,0,0,0,1,0
"S45-130","45",130,"S","dry",2018-08-04 07:52:00,561326,4893548,2059.61092,627.9301585,NA,200,NA,3,0,0,0,1,0,0,0,0,1,2,0
"S45-132","45",132,"S","dry",2018-08-04 07:56:00,561326,4893548,2059.61092,627.9301585,NA,200,NA,3,0,0,0,0,1,0,0,0,0,0,0
"S45-133","45",133,"S","dry",2018-08-04 07:59:00,561326,4893548,2059.61092,627.9301585,NA,200,NA,3,0,0,0,0,1,0,0,0,0,0,0
"S45-134","45",134,"S","dry",2018-08-04 07:59:00,561326,4893548,2059.61092,627.9301585,NA,200,NA,3,0,0,0,0,1,0,0,0,1,2,0
"S45-135","45",135,"S","dry",2018-08-04 08:30:00,561338,4893148,1913.096144,583.2610196,1990,28,"Clearcut",1,0,1,1,0,1,0,0,0,0,1,0
